Old Data:
T:      0.279443
TC:     0.279179
TCD:    0.260485

New Data:
T:      0.279443
TC:     0.279178
TCD:    0.260485

